1746414211245 0.0999000999000999 100
1746414373782 0.1998001998001998 200
1746414536249 0.2997002997002997 300
1746414698778 0.3996003996003996 400
1746414861276 0.4995004995004995 500
1746415023735 0.5994005994005994 600
1746415186247 0.6993006993006993 700
1746415348848 0.7992007992007992 800
1746415511473 0.8991008991008991 900
1746415673987 0.999000999000999 1000
1746415763600 0.999000999000999 1000
1746415925440 1.098901098901099 1100
1746416088003 1.1988011988011988 1200
1746416250592 1.2987012987012987 1300
1746416413200 1.3986013986013985 1400
1746416575757 1.4985014985014984 1500
1746416738328 1.5984015984015985 1600
1746416900872 1.6983016983016983 1700
1746417063430 1.7982017982017982 1800
1746417225997 1.8981018981018982 1900
1746417388607 1.9980019980019978 2000
1746417477975 1.9980019980019978 2000
1746417639829 2.097902097902098 2100
1746417802423 2.197802197802198 2200
1746417965053 2.2977022977022976 2300
1746418127647 2.3976023976023977 2400
1746418290283 2.4975024975024973 2500
1746418452846 2.5974025974025974 2600
1746418615431 2.6973026973026974 2700
1746418778040 2.797202797202797 2800
1746418940635 2.897102897102897 2900
1746419103230 2.9970029970029968 3000
1746419192456 2.9970029970029968 3000
1746419354285 3.096903096903097 3100
1746419516878 3.196803196803197 3200
1746419679430 3.2967032967032965 3300
1746419841992 3.3966033966033966 3400
1746420004859 3.4965034965034967 3500
1746420167688 3.5964035964035963 3600
1746420330648 3.6963036963036964 3700
1746420493556 3.7962037962037964 3800
1746420656565 3.896103896103896 3900
1746420819547 3.996003996003996 4000
1746420909186 3.996003996003996 4000
1746421071380 4.095904095904096 4100
1746421234370 4.195804195804196 4200
1746421397337 4.2957042957042955 4300
1746421560294 4.395604395604396 4400
1746421723424 4.495504495504496 4500
1746421886459 4.595404595404595 4600
1746422049598 4.695304695304696 4700
1746422212663 4.795204795204795 4800
1746422375634 4.895104895104895 4900
1746422538707 4.995004995004995 5000
1746422628447 4.995004995004995 5000
1746422790908 5.094905094905095 5100
1746422953956 5.194805194805195 5200
1746423116973 5.294705294705294 5300
1746423279896 5.394605394605395 5400
1746423442908 5.4945054945054945 5500
1746423605967 5.594405594405594 5600
1746423769075 5.694305694305695 5700
1746423931985 5.794205794205794 5800
1746424094998 5.894105894105894 5900
1746424258007 5.9940059940059935 6000
1746424347356 5.9940059940059935 6000
1746424509665 6.093906093906094 6100
1746424672747 6.193806193806194 6200
1746424835566 6.293706293706293 6300
1746424998597 6.393606393606394 6400
1746425161617 6.4935064935064934 6500
1746425324680 6.593406593406593 6600
1746425487672 6.693306693306694 6700
1746425650766 6.793206793206793 6800
1746425813687 6.893106893106893 6900
1746425976692 6.993006993006993 7000
1746426066120 6.993006993006993 7000
1746426228370 7.092907092907093 7100
1746426391322 7.192807192807193 7200
1746426554271 7.292707292707293 7300
1746426717185 7.392607392607393 7400
1746426880176 7.492507492507492 7500
1746427043224 7.592407592407593 7600
1746427206110 7.6923076923076925 7700
1746427369072 7.792207792207792 7800
1746427531991 7.892107892107892 7900
1746427694975 7.992007992007992 8000
1746427784560 7.992007992007992 8000
1746427947147 8.091908091908092 8100
1746428110497 8.191808191808192 8200
1746428273648 8.291708291708291 8300
1746428436798 8.391608391608392 8400
1746428599827 8.491508491508492 8500
1746428763075 8.591408591408591 8600
1746428926054 8.691308691308691 8700
1746429088991 8.791208791208792 8800
1746429251863 8.89110889110889 8900
1746429414720 8.991008991008991 9000
1746429504265 8.991008991008991 9000
1746429666393 9.090909090909092 9100
1746429829291 9.19080919080919 9200
1746429992314 9.290709290709291 9300
1746430155263 9.390609390609391 9400
1746430318145 9.49050949050949 9500
1746430481075 9.59040959040959 9600
1746430643896 9.69030969030969 9700
1746430806925 9.79020979020979 9800
1746430970129 9.89010989010989 9900
1746431133080 9.99000999000999 10000
1746431222857 9.99000999000999 10000
1746431238741 10.0 10010
1746431328210 10.0 0
1746431328209 10.0 10010
