1746414211245 2.955326557159424 100
1746414373782 2.9012246131896973 200
1746414536249 4.006467342376709 300
1746414698778 4.9816436767578125 400
1746414861276 3.354862928390503 500
1746415023735 7.292140007019043 600
1746415186247 1.562491774559021 700
1746415348848 1.7835144996643066 800
1746415511473 3.30407452583313 900
1746415673987 2.395643472671509 1000
1746415925440 1.4209933280944824 1100
1746416088003 3.835864543914795 1200
1746416250592 2.556260108947754 1300
1746416413200 2.0622799396514893 1400
1746416575757 3.334606409072876 1500
1746416738328 1.9029935598373413 1600
1746416900872 1.8684896230697632 1700
1746417063430 4.9431281089782715 1800
1746417225997 3.0116469860076904 1900
1746417388607 2.85932993888855 2000
1746417639829 1.8596208095550537 2100
1746417802423 3.127894878387451 2200
1746417965053 2.607908010482788 2300
1746418127647 2.8391692638397217 2400
1746418290283 2.29744291305542 2500
1746418452846 3.925752639770508 2600
1746418615431 2.8405497074127197 2700
1746418778040 1.9565545320510864 2800
1746418940635 2.685694456100464 2900
1746419103230 1.9247978925704956 3000
1746419354285 2.774204730987549 3100
1746419516878 1.0412088632583618 3200
1746419679430 3.0823111534118652 3300
1746419841992 1.2177093029022217 3400
1746420004859 1.1272871494293213 3500
1746420167688 4.3495402336120605 3600
1746420330648 3.0467586517333984 3700
1746420493556 1.2719180583953857 3800
1746420656565 2.770663022994995 3900
1746420819547 2.5775043964385986 4000
1746421071380 0.7432262301445007 4100
1746421234370 1.2127436399459839 4200
1746421397337 2.143636703491211 4300
1746421560294 0.4211186170578003 4400
1746421723424 2.5160436630249023 4500
1746421886459 2.205869197845459 4600
1746422049598 1.2833888530731201 4700
1746422212663 1.770436406135559 4800
1746422375634 5.177349090576172 4900
1746422538707 1.1739075183868408 5000
1746422790908 0.08239630609750748 5100
1746422953956 1.8231104612350464 5200
1746423116973 0.12537099421024323 5300
1746423279896 0.09766380488872528 5400
1746423442908 0.34529346227645874 5500
1746423605967 0.5565374493598938 5600
1746423769075 0.7543251514434814 5700
1746423931985 5.03355073928833 5800
1746424094998 0.4685215651988983 5900
1746424258007 1.8455427885055542 6000
1746424509665 0.31837198138237 6100
1746424672747 0.020879795774817467 6200
1746424835566 0.26672640442848206 6300
1746424998597 0.2538759112358093 6400
1746425161617 0.3042907118797302 6500
1746425324680 0.058842554688453674 6600
1746425487672 3.6095004081726074 6700
1746425650766 0.7340850234031677 6800
1746425813687 2.0650832653045654 6900
1746425976692 0.018497338518500328 7000
1746426228370 0.06527785211801529 7100
1746426391322 0.10273592174053192 7200
1746426554271 0.05258788540959358 7300
1746426717185 0.36666736006736755 7400
1746426880176 0.13234198093414307 7500
1746427043224 0.07288308441638947 7600
1746427206110 0.00872874353080988 7700
1746427369072 0.1659555584192276 7800
1746427531991 0.006502661854028702 7900
1746427694975 0.06102601811289787 8000
1746427947147 0.006549332290887833 8100
1746428110497 0.015242998488247395 8200
1746428273648 0.02299133874475956 8300
1746428436798 0.0061876531690359116 8400
1746428599827 0.0672103762626648 8500
1746428763075 0.02129214257001877 8600
1746428926054 0.029209500178694725 8700
1746429088991 0.01646832562983036 8800
1746429251863 2.106365203857422 8900
1746429414720 0.006121031939983368 9000
1746429666393 0.0415315255522728 9100
1746429829291 0.04370288923382759 9200
1746429992314 0.026992550119757652 9300
1746430155263 0.01985887810587883 9400
1746430318145 0.014866282232105732 9500
1746430481075 0.011711491271853447 9600
1746430643896 0.011351918801665306 9700
1746430806925 0.06790608912706375 9800
1746430970129 0.025910882279276848 9900
1746431133080 0.00713206734508276 10000
