1746414211245 0.000297032967032967 100
1746414373782 0.000294035964035964 200
1746414536249 0.000291038961038961 300
1746414698778 0.00028804195804195805 400
1746414861276 0.000285044955044955 500
1746415023735 0.00028204795204795204 600
1746415186247 0.00027905094905094903 700
1746415348848 0.000276053946053946 800
1746415511473 0.000273056943056943 900
1746415673987 0.00027005994005994 1000
1746415925440 0.00026706293706293705 1100
1746416088003 0.00026406593406593404 1200
1746416250592 0.00026106893106893103 1300
1746416413200 0.000258071928071928 1400
1746416575757 0.0002550749250749251 1500
1746416738328 0.00025207792207792207 1600
1746416900872 0.00024908091908091906 1700
1746417063430 0.00024608391608391605 1800
1746417225997 0.00024308691308691307 1900
1746417388607 0.0002400899100899101 2000
1746417639829 0.00023709290709290708 2100
1746417802423 0.00023409590409590407 2200
1746417965053 0.0002310989010989011 2300
1746418127647 0.00022810189810189808 2400
1746418290283 0.0002251048951048951 2500
1746418452846 0.0002221078921078921 2600
1746418615431 0.0002191108891108891 2700
1746418778040 0.00021611388611388608 2800
1746418940635 0.0002131168831168831 2900
1746419103230 0.0002101198801198801 3000
1746419354285 0.00020712287712287708 3100
1746419516878 0.0002041258741258741 3200
1746419679430 0.0002011288711288711 3300
1746419841992 0.00019813186813186811 3400
1746420004859 0.0001951348651348651 3500
1746420167688 0.00019213786213786213 3600
1746420330648 0.00018914085914085912 3700
1746420493556 0.00018614385614385614 3800
1746420656565 0.00018314685314685313 3900
1746420819547 0.00018014985014985015 4000
1746421071380 0.00017715284715284714 4100
1746421234370 0.00017415584415584416 4200
1746421397337 0.00017115884115884115 4300
1746421560294 0.00016816183816183817 4400
1746421723424 0.00016516483516483516 4500
1746421886459 0.00016216783216783216 4600
1746422049598 0.00015917082917082917 4700
1746422212663 0.00015617382617382614 4800
1746422375634 0.00015317682317682316 4900
1746422538707 0.00015017982017982015 5000
1746422790908 0.00014718281718281717 5100
1746422953956 0.0001441858141858142 5200
1746423116973 0.00014118881118881118 5300
1746423279896 0.00013819180819180817 5400
1746423442908 0.00013519480519480517 5500
1746423605967 0.00013219780219780219 5600
1746423769075 0.00012920079920079918 5700
1746423931985 0.0001262037962037962 5800
1746424094998 0.0001232067932067932 5900
1746424258007 0.00012020979020979021 6000
1746424509665 0.0001172127872127872 6100
1746424672747 0.0001142157842157842 6200
1746424835566 0.00011121878121878121 6300
1746424998597 0.0001082217782217782 6400
1746425161617 0.00010522477522477521 6500
1746425324680 0.00010222777222777222 6600
1746425487672 9.923076923076922e-05 6700
1746425650766 9.623376623376623e-05 6800
1746425813687 9.323676323676323e-05 6900
1746425976692 9.023976023976024e-05 7000
1746426228370 8.724275724275724e-05 7100
1746426391322 8.424575424575425e-05 7200
1746426554271 8.124875124875124e-05 7300
1746426717185 7.825174825174825e-05 7400
1746426880176 7.525474525474524e-05 7500
1746427043224 7.225774225774226e-05 7600
1746427206110 6.926073926073925e-05 7700
1746427369072 6.626373626373626e-05 7800
1746427531991 6.326673326673326e-05 7900
1746427694975 6.026973026973027e-05 8000
1746427947147 5.727272727272727e-05 8100
1746428110497 5.427572427572427e-05 8200
1746428273648 5.127872127872127e-05 8300
1746428436798 4.828171828171828e-05 8400
1746428599827 4.528471528471528e-05 8500
1746428763075 4.228771228771229e-05 8600
1746428926054 3.929070929070929e-05 8700
1746429088991 3.6293706293706294e-05 8800
1746429251863 3.329670329670329e-05 8900
1746429414720 3.0299700299700298e-05 9000
1746429666393 2.73026973026973e-05 9100
1746429829291 2.4305694305694303e-05 9200
1746429992314 2.130869130869131e-05 9300
1746430155263 1.831168831168831e-05 9400
1746430318145 1.5314685314685313e-05 9500
1746430481075 1.2317682317682317e-05 9600
1746430643896 9.32067932067932e-06 9700
1746430806925 6.323676323676323e-06 9800
1746430970129 3.3266733266733263e-06 9900
1746431133080 3.2967032967032963e-07 10000
