1746414211245 0.6952 100
1746414373782 0.4054 200
1746414536249 0.3745 300
1746414698778 0.3539 400
1746414861276 0.3099 500
1746415023735 0.3158 600
1746415186247 0.3002 700
1746415348848 0.2801 800
1746415511473 0.2714 900
1746415673987 0.2659 1000
1746415925440 0.2102 1100
1746416088003 0.2082 1200
1746416250592 0.198 1300
1746416413200 0.1792 1400
1746416575757 0.2014 1500
1746416738328 0.1882 1600
1746416900872 0.1856 1700
1746417063430 0.1769 1800
1746417225997 0.1832 1900
1746417388607 0.1797 2000
1746417639829 0.1167 2100
1746417802423 0.1146 2200
1746417965053 0.1128 2300
1746418127647 0.1226 2400
1746418290283 0.1124 2500
1746418452846 0.1257 2600
1746418615431 0.1141 2700
1746418778040 0.1195 2800
1746418940635 0.1104 2900
1746419103230 0.112 3000
1746419354285 0.0631 3100
1746419516878 0.063 3200
1746419679430 0.0587 3300
1746419841992 0.0631 3400
1746420004859 0.0661 3500
1746420167688 0.0666 3600
1746420330648 0.074 3700
1746420493556 0.0644 3800
1746420656565 0.0707 3900
1746420819547 0.0646 4000
1746421071380 0.0267 4100
1746421234370 0.029 4200
1746421397337 0.0247 4300
1746421560294 0.0355 4400
1746421723424 0.0316 4500
1746421886459 0.0268 4600
1746422049598 0.0306 4700
1746422212663 0.0327 4800
1746422375634 0.0312 4900
1746422538707 0.0443 5000
1746422790908 0.0121 5100
1746422953956 0.0095 5200
1746423116973 0.0122 5300
1746423279896 0.0131 5400
1746423442908 0.0172 5500
1746423605967 0.0128 5600
1746423769075 0.0097 5700
1746423931985 0.0173 5800
1746424094998 0.0156 5900
1746424258007 0.013 6000
1746424509665 0.0066 6100
1746424672747 0.0056 6200
1746424835566 0.004 6300
1746424998597 0.0049 6400
1746425161617 0.0058 6500
1746425324680 0.0051 6600
1746425487672 0.0058 6700
1746425650766 0.0079 6800
1746425813687 0.0035 6900
1746425976692 0.0047 7000
1746426228370 0.0025 7100
1746426391322 0.001 7200
1746426554271 0.0018 7300
1746426717185 0.0037 7400
1746426880176 0.002 7500
1746427043224 0.004 7600
1746427206110 0.0042 7700
1746427369072 0.0031 7800
1746427531991 0.0027 7900
1746427694975 0.0012 8000
1746427947147 0.0027 8100
1746428110497 0.0004 8200
1746428273648 0.0004 8300
1746428436798 0.0007 8400
1746428599827 0.0026 8500
1746428763075 0.0009 8600
1746428926054 0.0013 8700
1746429088991 0.0014 8800
1746429251863 0.0017 8900
1746429414720 0.0023 9000
1746429666393 0.0007 9100
1746429829291 0.0015 9200
1746429992314 0.0004 9300
1746430155263 0.0002 9400
1746430318145 0.0002 9500
1746430481075 0.0002 9600
1746430643896 0.0022 9700
1746430806925 0.0023 9800
1746430970129 0.0002 9900
1746431133080 0.0002 10000
